tree
version=v2
num_class=1
num_tree_per_iteration=1
label_index=0
max_feature_idx=27
objective=binary sigmoid:1
feature_names=Column_0 Column_1 Column_2 Column_3 Column_4 Column_5 Column_6 Column_7 Column_8 Column_9 Column_10 Column_11 Column_12 Column_13 Column_14 Column_15 Column_16 Column_17 Column_18 Column_19 Column_20 Column_21 Column_22 Column_23 Column_24 Column_25 Column_26 Column_27
feature_infos=[0:11191] [1893:1996] [0:4] [0:7] [1730:666666] [0:2] [0:2] [2692:3391] [0:99] [0:1493] [0:199] [0:1725] [0:259] [0:263] [0:362] [0:15] [0:27] [0:28] [0:13] [0:20] [0:1] [0:1] [0:1] [0:1] [0:1] [0:1] none none
tree_sizes=2412 2445 2461 2464 2447 2457 2475 2461 2476 2466 2483 2480 2482 2483 2483 2465 2466 2471 2478 2490

Tree=0
num_leaves=31
num_cat=0
split_feature=22 20 7 23 8 8 8 7 11 19 7 7 8 2 9 11 18 19 7 7 8 0 6 17 5 7 9 1 9 8
split_gain=238.985 116.609 64.8477 42.5064 40.9116 40.2849 33.1149 28.5139 25.135 20.3384 16.1212 14.8766 14.0704 12.8937 12.685 12.3465 12.5363 10.5091 10.034 8.77194 12.3264 14.1791 11.0226 8.12149 13.1321 6.92366 7.93766 6.83267 6.35245 5.40011
threshold=1.0000000180025095e-35 1.0000000180025095e-35 3278.5000000000005 1.0000000180025095e-35 19.500000000000004 18.500000000000004 24.500000000000004 3143.0000000000005 407.50000000000006 7.5000000000000009 2931.5000000000005 2994.5000000000005 15.500000000000002 1.0000000180025095e-35 898.00000000000011 506.00000000000006 8.5000000000000018 7.5000000000000009 3289.5000000000005 3331.5000000000005 81.500000000000014 6860.5000000000009 1.0000000180025095e-35 1.0000000180025095e-35 1.0000000180025095e-35 3094.5000000000005 834.00000000000011 1970.5000000000002 68.500000000000014 67.500000000000014
decision_type=2 2 2 2 2 2 2 2 2 2 2 2 2 2 2 2 2 2 2 2 2 2 2 2 2 2 2 2 2 2
left_child=1 2 5 6 -3 8 -2 29 9 23 -8 -5 17 -12 18 25 -17 -4 -14 -20 21 22 -21 -1 -25 -7 -27 -9 -26 -6
right_child=3 4 12 11 7 15 10 27 -10 -11 13 -13 14 -15 -16 16 -18 -19 19 20 -22 -23 -24 24 28 26 -28 -29 -30 -31
leaf_value=-1.8490397954154412 -1.2423064169271221 -1.2285988996144246 -1.6620991346284897 -1.3971068279584498 -1.6570466843369505 -1.851556900614836 -1.8007608259629553 -1.3074171241624362 -1.4777661901210424 -1.555997678506166 -1.6800123674803107 -1.131591854016871 -1.5367065046657438 -1.3793815900540993 -1.5345990655067057 -1.603518021788751 -1.824114373977181 -1.3993717194684501 -1.8098833056560122 -1.4404228780872064 -1.821612208118514 -1.7653134762985054 -1.6839930858918264 -1.7946570577319643 -1.5256829767569307 -1.8173137947020888 -1.6620991346284897 -1.5256829767569307 -1.7183978664484982 -1.8263037691035147
leaf_count=78 23 30 24 29 39 831 27 20 31 39 22 39 22 23 34 37 45 24 80 32 42 42 27 110 26 358 28 26 28 24
internal_value=0 -0.256892 -0.435044 3.2734 2.22699 -0.666416 2.06046 1.42793 0.23945 -0.0252192 1.12363 4.96795 0.704832 2.15264 0.463279 -0.883991 0.170441 2.10886 0.240275 0.0618213 0.478293 1.00982 1.89734 -0.328429 0.0262613 -0.955037 -0.644336 3.10836 1.16012 0.200955
internal_count=2240 2077 1938 163 139 1611 95 109 312 281 72 68 327 45 279 1299 82 48 245 223 143 101 59 242 164 1217 386 46 54 63
shrinkage=1


Tree=1
num_leaves=31
num_cat=0
split_feature=22 20 7 8 7 7 17 19 23 8 4 11 5 19 11 18 9 0 12 9 10 8 11 8 0 11 21 18 18 19
split_gain=153.791 83.3712 53.628 35.7831 18.7726 18.194 17.5955 15.809 15.0519 13.5852 12.7763 12.4486 12.2763 10.9685 9.95038 10.7995 11.8558 13.2835 9.62174 7.72335 7.26089 7.15597 6.43595 14.941 6.09049 5.91663 9.43061 5.88346 3.76358 3.46138
threshold=1.0000000180025095e-35 1.0000000180025095e-35 3278.5000000000005 20.500000000000004 3201.0000000000005 3015.5000000000005 1.0000000180025095e-35 7.5000000000000009 1.0000000180025095e-35 23.500000000000004 82724.500000000015 378.00000000000006 1.0000000180025095e-35 8.5000000000000018 15.500000000000002 10.500000000000002 604.50000000000011 5943.5000000000009 6.5000000000000009 904.50000000000011 6.5000000000000009 59.500000000000007 481.00000000000006 47.500000000000007 6451.0000000000009 455.50000000000006 1.0000000180025095e-35 4.5000000000000009 4.5000000000000009 7.5000000000000009
decision_type=2 2 2 2 2 2 2 2 2 2 2 2 2 2 2 2 2 2 2 2 2 2 2 2 2 2 2 2 2 2
left_child=1 2 3 6 9 8 29 11 -2 -3 19 12 -8 14 -4 16 18 -18 21 22 -11 -16 -5 -24 -14 26 -7 -20 -6 -1
right_child=5 4 13 10 28 25 7 -9 -10 20 -12 -13 24 -15 15 -17 17 -19 27 -21 -22 -23 23 -25 -26 -27 -28 -29 -30 -31
leaf_value=-0.10621354724999106 0.021554061321205048 0.25228059407590658 -0.082439432305136687 -0.10091840182773362 0.38635574774801662 0.12727128743474589 -0.058481918506366665 0.26131926678298334 0.25363247205712813 -0.042452271664788523 0.077359906436730311 0.16613646214488811 0.16665605275487053 0.20540991934353281 0.27165922424516087 -0.055316499230241192 0.2887260292918839 0.019836038675479055 0.095079322613871781 0.037440678680340227 0.13215868497278349 0.040186888086935706 0.1879004957228331 -0.10024866446402914 -0.016352169892075188 0.37887554315585431 0.34374835793586572 -0.042708488901194712 0.23631381404873869 0.016997972610959991
leaf_count=89 42 25 42 1131 20 22 113 24 34 40 37 38 36 33 20 48 36 21 35 35 32 21 20 46 21 38 27 71 22 21
internal_value=0 -0.242205 -0.40848 -0.632639 1.69137 2.3227 0.162156 0.58142 1.36391 1.02463 -0.863371 0.326451 -0.0174791 0.593445 0.421432 0.625933 0.898941 1.92313 0.474006 -0.914982 0.368296 1.61304 -0.95584 -0.106793 0.986169 3.06126 2.50089 0.0352592 3.06258 -0.793799
internal_count=2240 2077 1938 1611 139 163 342 232 76 97 1269 208 170 327 294 252 204 57 147 1232 72 41 1197 66 57 87 49 106 42 110
shrinkage=0.1


Tree=2
num_leaves=31
num_cat=0
split_feature=22 20 7 8 8 17 8 13 18 3 4 23 8 16 18 8 11 9 11 7 8 3 7 19 0 17 7 2 9 1
split_gain=110.601 63.3256 44.7611 31.8345 15.3144 14.307 12.6872 13.9056 12.2347 14.067 11.2055 9.97708 8.77449 9.31478 14.4778 8.11345 8.10104 10.7729 7.39779 7.22844 9.15088 11.5949 6.46583 6.09802 14.7932 8.59045 6.02723 9.23534 5.99887 5.92224
threshold=1.0000000180025095e-35 1.0000000180025095e-35 3278.5000000000005 20.500000000000004 81.500000000000014 1.0000000180025095e-35 19.500000000000004 1.0000000180025095e-35 9.5000000000000018 1.0000000180025095e-35 82724.500000000015 1.0000000180025095e-35 76.500000000000014 1.5000000000000002 3.5000000000000004 24.500000000000004 259.50000000000006 630.50000000000011 160.50000000000003 3094.5000000000005 37.500000000000007 1.0000000180025095e-35 2931.5000000000005 5.5000000000000009 7371.0000000000009 3.5000000000000004 3262.5000000000005 1.0000000180025095e-35 456.50000000000006 1964.5000000000002
decision_type=2 2 2 2 2 2 2 2 2 2 2 2 2 2 2 2 2 2 2 2 2 2 2 2 2 2 2 2 2 2
left_child=1 2 3 5 11 -1 -3 -8 9 -7 19 15 13 -4 -15 -2 18 -18 29 -5 21 -21 -17 25 -25 -11 27 -9 -14 -16
right_child=4 6 12 10 -6 8 7 26 -10 23 -12 -13 28 14 16 22 17 -19 -20 20 -22 -23 -24 24 -26 -27 -28 -29 -30 -31
leaf_value=-0.076069571909880909 0.25719270298516256 0.26164773302797378 -0.069483874212386373 -0.10462069874812284 0.010045236534050893 0.22926216080752038 -0.091327963353190059 2.1635102462113848e-05 -0.072519450557940748 -0.099519257953046628 0.065778732432500625 0.27798222221938051 -0.086865730129375193 0.24767633436761197 0.15672607032634223 -0.039792178917079313 -0.0065779567908183416 0.24569673388400212 -0.079432017138316907 0.22821285655128995 -0.077311855883722247 -0.034085999597030847 0.15274820297413186 0.20038213035077354 -0.04762368658745432 0.085180434144461956 0.24621298922770399 0.19646546896598693 0.064418712095047487 0.016903529556007543
leaf_count=110 23 30 29 835 27 36 24 34 51 41 37 61 54 34 32 21 21 29 34 20 324 53 31 41 29 34 20 31 32 62
internal_value=0 -0.227884 -0.383734 -0.600731 1.83276 0.139384 1.37045 0.919631 0.498235 0.814014 -0.831675 2.13739 0.506798 0.7551 0.941795 1.50813 0.632398 1.52448 0.27447 -0.884673 -0.55822 0.380234 0.896401 0.436062 0.991338 -0.111738 1.37706 0.95856 -0.271858 0.656747
internal_count=2240 2077 1938 1611 163 342 139 109 232 181 1269 136 327 241 212 75 178 50 128 1232 397 73 52 145 70 75 85 65 86 94
shrinkage=0.1


Tree=3
num_leaves=31
num_cat=0
split_feature=23 7 8 11 8 17 18 20 20 11 15 8 18 4 8 13 3 1 6 2 14 7 9 3 18 16 4 13 8 3
split_gain=87.178 48.1991 35.4882 19.7815 16.7219 16.7181 18.7111 16.6388 14.6766 11.3553 11.1052 10.721 9.57038 8.94896 8.24679 7.41515 7.36951 8.60728 11.4258 7.16363 6.78306 6.74849 8.26846 6.68748 6.46391 14.8628 7.60661 5.94161 5.35614 7.49411
threshold=1.0000000180025095e-35 3278.5000000000005 20.500000000000004 600.00000000000011 81.500000000000014 1.0000000180025095e-35 2.5000000000000004 1.0000000180025095e-35 1.0000000180025095e-35 378.00000000000006 4.5000000000000009 15.500000000000002 8.5000000000000018 82724.500000000015 50.500000000000007 1.0000000180025095e-35 1.0000000180025095e-35 1983.5000000000002 1.0000000180025095e-35 1.0000000180025095e-35 38.500000000000007 3031.5000000000005 904.50000000000011 2.5000000000000004 6.5000000000000009 6.5000000000000009 25762.500000000004 34.500000000000007 35.500000000000007 1.0000000180025095e-35
decision_type=2 2 2 2 2 2 2 2 2 2 2 2 2 2 2 2 2 2 2 2 2 2 2 2 2 2 2 2 2 2
left_child=1 2 5 7 12 -1 -7 21 11 10 -8 20 -2 -14 -5 -9 17 18 -13 -17 -3 -4 28 24 25 26 -18 -11 29 -23
right_child=4 8 3 14 -6 6 9 15 -10 27 -12 16 13 -15 -16 19 23 -19 -20 -21 -22 22 -24 -25 -26 -27 -28 -29 -30 -31
leaf_value=-0.070091936294975218 0.26610737318807359 0.065623406020766925 -0.10766509519514694 0.21330703079406665 -0.035253906552136692 0.24195252010305679 -0.026411054071887725 -0.11775643784915438 0.21825947512198429 0.22971117806880176 0.14808955569972315 0.29860518174825529 0.036613964573010346 0.23021610983158239 0.0098162768894468552 -0.017233810732752722 0.10000193207308222 -0.043778954088338963 0.023399409884461229 0.15167638929627714 0.2437459596948276 0.13516001055534443 0.093952453925416221 0.10553577610730623 -0.088222734278477793 0.17877083559979734 -0.079314225628663193 0.057679158337901298 -0.086002106610445217 -0.05854109108656657
leaf_count=114 67 28 691 20 22 27 158 21 27 20 29 20 33 22 46 33 21 21 21 31 23 22 23 36 63 28 74 25 408 66
internal_value=0 -0.195493 -0.421279 -0.669645 1.75953 0.290269 0.614895 -0.762431 0.641772 0.349983 0.0293267 0.465878 2.07559 1.32539 0.762609 0.330521 0.248089 1.06 1.71769 0.718693 1.47868 -0.871329 -0.612792 0.0211843 -0.185645 0.170515 -0.362587 1.3876 -0.707448 -0.045564
internal_count=2240 2096 1734 1361 144 373 259 1295 362 232 187 335 122 55 66 85 284 62 41 64 51 1210 519 222 186 123 95 45 496 88
shrinkage=0.1


Tree=4
num_leaves=31
num_cat=0
split_feature=22 20 7 8 11 19 17 3 8 4 0 8 8 13 11 18 3 7 11 19 9 4 18 9 11 12 4 10 18 19
split_gain=69.6906 41.6273 31.7915 25.2151 22.4541 15.9267 11.7598 10.4698 11.5047 9.11346 8.52761 8.40704 8.356 8.04887 7.0873 8.08352 7.79845 6.52052 5.29287 8.89128 5.19335 7.75575 7.43864 4.52012 4.19456 6.04686 6.76842 4.07742 4.98301 4.12973
threshold=1.0000000180025095e-35 1.0000000180025095e-35 3278.5000000000005 40.500000000000007 407.50000000000006 7.5000000000000009 1.0000000180025095e-35 1.0000000180025095e-35 81.500000000000014 83752.500000000015 6565.5000000000009 12.500000000000002 67.500000000000014 43.500000000000007 7.5000000000000009 10.500000000000002 2.5000000000000004 2931.5000000000005 8.5000000000000018 6.5000000000000009 479.50000000000006 27636.500000000004 6.5000000000000009 904.50000000000011 26.500000000000004 4.5000000000000009 41122.000000000007 6.5000000000000009 7.5000000000000009 6.5000000000000009
decision_type=2 2 2 2 2 2 2 2 2 2 2 2 2 2 2 2 2 2 2 2 2 2 2 2 2 2 2 2 2 2
left_child=1 2 3 4 5 11 -7 -2 17 23 -8 18 27 -6 -4 16 20 -9 -1 -20 21 -16 -22 -5 -23 -26 -27 29 -29 -3
right_child=7 12 14 9 13 6 10 8 -10 -11 -12 -13 -14 -15 15 -17 -18 -19 19 -21 22 24 -24 -25 25 26 -28 28 -30 -31
leaf_value=-0.11399847328573182 0.25265075208654558 0.0026678427844544837 -0.11928152049309562 -0.099623042377111282 0.23065936122113737 -0.03193280481627405 0.27866382371569554 0.040393733575689088 -0.066333194992026945 0.084365284501609517 0.05035880456351325 -0.087251771291933788 -0.0047741258160602564 0.046913198518529729 0.13337268960913437 -0.057525023393742616 0.16871571755855616 0.16448820020489702 -0.026360879751997957 0.13496101894703535 0.17991527604656685 -0.1192387123103083 0.013120725745135715 0.010848183433592288 0.12033942122010664 0.0734231652732448 -0.089955217310080715 0.22733554876642628 0.085511551804254404 0.14299439416976903
leaf_count=37 31 23 21 909 24 55 22 34 21 21 21 321 38 34 28 48 36 77 104 33 32 24 33 30 25 29 51 33 20 25
internal_value=0 -0.205775 -0.344864 -0.546495 -0.121997 -0.325962 0.689193 1.36071 1.08132 -0.893649 1.61676 -0.558842 1.02154 1.30813 0.374997 0.469319 0.640504 1.33563 -0.0697437 0.161227 0.448674 0.171292 1.01906 -0.94938 -0.130815 0.0945969 -0.282576 1.33636 1.74956 0.821774
internal_count=2240 2077 1938 1611 651 593 98 163 132 960 43 495 139 58 327 306 258 111 174 137 222 157 65 939 129 105 80 101 53 48
shrinkage=0.1


Tree=5
num_leaves=31
num_cat=0
split_feature=23 7 8 11 20 16 8 3 17 18 6 20 4 8 7 10 3 17 9 9 9 18 9 14 6 9 13 13 9 5
split_gain=57.1255 34.0869 23.4036 15.892 14.2361 10.9825 10.1884 10.0163 9.58432 10.3644 10.3027 9.53101 7.5846 7.65368 5.94131 5.63961 5.43158 7.79092 5.24258 4.96167 13.2001 6.03792 4.88667 4.81277 5.77679 4.79227 7.15962 4.47793 6.29913 4.33672
threshold=1.0000000180025095e-35 3201.0000000000005 19.500000000000004 600.00000000000011 1.0000000180025095e-35 2.5000000000000004 81.500000000000014 2.5000000000000004 1.0000000180025095e-35 7.5000000000000009 1.0000000180025095e-35 1.0000000180025095e-35 80751.000000000015 56.500000000000007 2849.5000000000005 26.500000000000004 1.0000000180025095e-35 8.5000000000000018 881.50000000000011 216.50000000000003 120.50000000000001 7.5000000000000009 479.50000000000006 15.500000000000002 1.0000000180025095e-35 688.50000000000011 11.500000000000002 1.0000000180025095e-35 123.50000000000001 1.0000000180025095e-35
decision_type=2 2 2 2 2 2 2 2 2 2 2 2 2 2 2 2 2 2 2 2 2 2 2 2 2 2 2 2 2 2
left_child=1 2 8 11 5 23 16 12 -1 10 14 25 13 19 -10 -9 -2 18 -18 20 -7 22 -21 -3 -25 -4 -27 -13 -29 -12
right_child=6 4 3 -5 -6 7 -8 15 9 -11 29 27 -14 -15 -16 -17 17 -19 -20 21 -22 -23 -24 24 -26 26 -28 28 -30 -31
leaf_value=-0.066838383219075675 0.24272897983043851 -0.0962451517154497 -0.094687635063007314 0.066009163744667032 0.14711414648986457 0.013134419058584 -0.03352618239249696 0.19130647418451599 0.22844022987052442 -0.035759542821373301 -0.062372084796529149 -0.11535758436665894 0.16680986633849634 -0.040576335489891008 0.089845706587162358 0.034620973415277513 0.027208887145855773 0.24374405495941007 0.15117353158060498 -0.018409749035651304 0.26513752965039245 -0.056155886357570718 0.13109871014320801 0.071864791053879273 -0.11587156035306452 0.12884889491731669 -0.07284965612725379 0.12901463818028777 -0.040547688507858642 0.085656011540624258
leaf_count=99 28 89 998 56 44 39 22 36 26 79 39 20 20 146 49 24 39 21 34 28 20 52 27 34 22 22 53 27 27 20
internal_value=0 -0.178185 -0.446582 -0.677881 0.342167 0.190337 1.35132 0.405969 0.181822 0.442042 0.832813 -0.778799 0.21082 0.097901 1.35803 1.32439 1.57395 1.3084 0.930933 0.453136 1.04885 0.121103 0.670217 -0.505385 0.102521 -0.877558 -0.175107 0.103028 0.42633 -0.047591
internal_count=2240 2096 1515 1203 581 537 144 392 312 213 134 1147 332 312 75 60 122 94 73 166 59 107 55 145 56 1073 75 74 54 59
shrinkage=0.1


Tree=6
num_leaves=31
num_cat=0
split_feature=22 7 8 17 3 18 20 16 8 9 3 8 14 18 11 19 11 6 15 3 2 19 13 13 4 7 19 18 0 21
split_gain=46.6805 28.1366 23.5017 16.067 15.132 15.7478 10.7271 8.9482 8.0578 7.80484 6.30783 8.05548 6.17716 5.85214 6.7378 6.378 5.80025 5.50881 10.5866 8.30206 5.5868 4.93289 4.8132 8.15676 4.75827 4.62211 4.28738 4.20117 3.96238 3.9135
threshold=1.0000000180025095e-35 3201.0000000000005 40.500000000000007 1.0000000180025095e-35 1.0000000180025095e-35 2.5000000000000004 1.0000000180025095e-35 1.5000000000000002 58.500000000000007 904.50000000000011 1.0000000180025095e-35 81.500000000000014 16.500000000000004 8.5000000000000018 114.50000000000001 6.5000000000000009 481.00000000000006 1.0000000180025095e-35 4.5000000000000009 1.0000000180025095e-35 1.0000000180025095e-35 7.5000000000000009 10.500000000000002 31.500000000000004 82500.500000000015 2931.5000000000005 5.5000000000000009 7.5000000000000009 5823.5000000000009 1.0000000180025095e-35
decision_type=2 2 2 2 2 2 2 2 2 2 2 2 2 2 2 2 2 2 2 2 2 2 2 2 2 2 2 2 2 2
left_child=1 2 3 21 13 -6 7 -3 17 24 -2 25 -7 14 15 -5 26 19 20 -9 -19 -1 -21 -24 -4 -12 -14 -20 -23 -10
right_child=10 6 9 4 5 12 -8 8 29 -11 11 -13 16 -15 -16 -17 -18 18 27 22 -22 28 23 -25 -26 -27 -28 -29 -30 -31
leaf_value=-0.11186682784038182 0.19366696679385509 -0.088434733224368511 -0.095442502113909145 -0.0030574490993527338 0.15353158563283056 -0.10453131218503971 0.12663201901820556 0.1975176285717419 -0.031888323579832227 0.053997740152637044 0.028648747536622967 -0.063350435368334276 -0.064006064861178158 -0.0022457813323196441 0.26667326775949085 0.18878093751654892 0.10223353869583146 -0.093780935379000313 0.17101156288733879 -0.046016282440207973 0.036831892277147525 0.097378487316408149 0.18013255992136815 -0.010206085379950179 0.027122077947383794 0.13131330623698054 0.022956331677688277 0.023756916087574232 -0.080800242838217351 0.094522867118598392
leaf_count=163 31 71 825 27 29 80 42 31 184 29 34 21 122 25 20 20 22 56 26 25 39 23 28 28 23 77 73 21 25 20
internal_value=0 -0.185197 -0.439858 -0.0371655 0.239836 -0.0625049 0.289617 0.154415 0.275137 -0.825184 1.07625 0.857853 -0.302187 1.15464 1.52047 0.953525 -0.0697156 0.554475 0.208301 0.957508 -0.342538 -0.820346 0.510347 0.901637 -0.89905 1.05961 -0.264725 1.11314 0.0341793 -0.176098
internal_count=2240 2077 1506 629 418 326 571 529 458 877 163 132 297 92 67 47 217 254 142 112 95 211 81 56 848 111 195 47 48 204
shrinkage=0.1


Tree=7
num_leaves=31
num_cat=0
split_feature=23 7 8 4 20 17 18 11 18 8 10 1 8 3 7 21 18 8 18 13 9 1 6 4 19 3 15 14 8 7
split_gain=39.4851 24.1013 21.4629 13.6958 9.76185 8.58169 11.7779 7.58782 9.76258 6.79484 6.59385 5.96913 5.52583 5.90054 5.11371 6.86762 4.79069 5.15685 4.663 4.60087 6.49122 4.53037 7.01354 4.4006 4.39631 4.36802 4.28146 4.61066 4.14397 5.1956
threshold=1.0000000180025095e-35 3278.5000000000005 24.500000000000004 85012.500000000015 1.0000000180025095e-35 1.0000000180025095e-35 2.5000000000000004 52.500000000000007 4.5000000000000009 81.500000000000014 45.500000000000007 1981.5000000000002 15.500000000000002 1.0000000180025095e-35 3031.5000000000005 1.0000000180025095e-35 9.5000000000000018 18.500000000000004 8.5000000000000018 14.500000000000002 99.500000000000014 1984.5000000000002 1.0000000180025095e-35 82724.500000000015 7.5000000000000009 2.5000000000000004 3.5000000000000004 49.500000000000007 37.500000000000007 3158.5000000000005
decision_type=2 2 2 2 2 2 2 2 2 2 2 2 2 2 2 2 2 2 2 2 2 2 2 2 2 2 2 2 2 2
left_child=1 2 5 4 14 24 -7 -8 -9 18 -5 16 -3 21 -4 28 17 26 -2 20 -6 22 -14 -20 -1 -15 27 -10 29 -16
right_child=9 12 3 10 19 6 7 8 11 -11 -12 -13 13 25 15 -17 -18 -19 23 -21 -22 -23 -24 -25 -26 -27 -28 -29 -30 -31
leaf_value=-0.099523339633194291 0.16438287425982603 0.10551140899516294 -0.10035307254258302 -0.017322310742767615 0.051982602699235103 0.15423495161933751 -0.068424701924535078 0.18156448622672963 -0.043668735096244193 -0.030976560389262005 0.18314457464424796 0.13067152745088165 0.18735032629266271 -0.012141103008560541 0.080097088984138629 0.083599445412393947 -0.07486927781124407 -0.093975260469952818 0.012013841626795238 0.1032504739771572 -0.13052182178372637 -0.023629423406070542 0.0010137943564297544 0.14136549160654419 0.038657962654668643 0.07660826753169242 0.14511426748331113 0.086873298709450486 -0.079894108623014701 -0.086000002209011814
leaf_count=105 67 54 660 20 32 32 69 22 40 22 20 20 28 198 37 28 60 26 33 23 23 21 22 22 25 39 20 29 408 35
internal_value=0 -0.161438 -0.346051 -0.597544 -0.682053 0.141017 0.328745 0.126231 0.354192 1.0984 0.804965 0.145789 0.399028 0.253097 -0.787329 -0.54345 -0.0374958 0.240533 1.27165 0.168756 -0.275107 0.86955 1.22016 0.766462 -0.625164 0.0503635 0.491367 0.18084 -0.652688 0.0182496
internal_count=2240 2096 1734 1286 1246 448 318 286 217 144 40 195 362 308 1168 508 175 115 122 78 55 71 50 55 130 237 89 69 480 72
shrinkage=0.1


Tree=8
num_leaves=31
num_cat=0
split_feature=22 20 7 8 23 11 19 3 3 13 2 18 16 12 8 8 6 13 11 7 8 8 19 12 12 11 8 13 9 14
split_gain=32.7204 21.7249 19.026 19.3939 10.8301 8.67518 7.51901 6.37683 9.28994 10.4397 8.18942 5.40043 9.14891 7.53369 6.5564 5.36936 4.79157 4.72231 4.68577 4.67711 5.74795 4.67691 6.31278 4.58047 3.93491 3.85859 3.82888 3.69874 5.28734 3.26774
threshold=1.0000000180025095e-35 1.0000000180025095e-35 3109.5000000000005 20.500000000000004 1.0000000180025095e-35 15.500000000000002 6.5000000000000009 2.5000000000000004 1.0000000180025095e-35 58.500000000000007 1.0000000180025095e-35 6.5000000000000009 6.5000000000000009 37.500000000000007 14.500000000000002 23.500000000000004 1.0000000180025095e-35 1.0000000180025095e-35 418.00000000000006 2931.5000000000005 34.500000000000007 53.500000000000007 7.5000000000000009 70.000000000000014 4.5000000000000009 134.50000000000003 7.5000000000000009 20.500000000000004 167.50000000000003 42.500000000000007
decision_type=2 2 2 2 2 2 2 2 2 2 2 2 2 2 2 2 2 2 2 2 2 2 2 2 2 2 2 2 2 2
left_child=1 2 3 5 7 -1 16 8 9 21 -9 12 14 -14 24 -3 29 -17 -5 20 -2 22 25 -20 -10 -4 -13 -16 -29 -7
right_child=19 15 4 18 -6 6 -8 10 11 -11 -12 26 13 -15 27 17 -18 -19 23 -21 -22 -23 -24 -25 -26 -27 -28 28 -30 -31
leaf_value=-0.087105717803490343 0.10798212710159838 0.13476981065383528 -0.090976758779744246 -0.098774228677089695 0.15902694857800845 -0.0035952245224234328 0.12669833468221323 -0.029336620090657017 -0.042236715642136803 0.18860099936739305 0.11967985398162649 0.014258037545156595 0.18423754676358844 -0.029982173515453604 -0.08370518445160563 -0.085242315972789182 -0.067454540488247464 0.059248456961797952 0.063000679660071196 0.11191361292717517 -0.049766095136860436 -0.056887078394039593 0.13801379096156852 -0.080970447549632618 0.10627246885922191 0.065912479710677638 -0.10313284618298052 0.116749987000802 -0.08386588423472964 0.11673442698377008
leaf_count=81 20 36 26 825 23 39 43 56 21 25 56 20 24 20 194 23 58 80 29 110 33 70 27 51 23 20 142 20 23 22
internal_value=0 -0.166741 -0.281482 -0.592801 0.0312501 0.0848135 0.39236 -0.0400068 -0.154746 0.402961 0.556135 -0.367809 -0.15352 0.909697 -0.378802 0.687398 0.0073084 0.37764 -0.885055 0.890426 0.28419 0.0772358 0.485746 -0.218133 0.447935 -0.16443 -0.813311 -0.630418 0.110357 0.460626
internal_count=2240 2077 1938 1148 790 243 162 767 655 168 112 487 325 44 281 139 119 103 905 163 53 143 73 80 44 46 162 237 43 61
shrinkage=0.1


Tree=9
num_leaves=31
num_cat=0
split_feature=23 7 8 17 3 4 9 11 21 8 6 15 13 8 7 0 0 19 18 7 11 16 2 19 12 1 9 4 11 9
split_gain=27.6009 18.6658 15.3167 10.7091 9.68567 9.44415 8.88929 8.09804 6.87999 6.49792 6.51039 8.81395 6.2426 5.22178 5.06729 4.78263 8.69247 4.55513 4.53539 4.38742 3.9635 4.708 7.19696 4.57607 3.91244 4.84266 3.88248 8.91577 3.82674 7.74126
threshold=1.0000000180025095e-35 3201.0000000000005 40.500000000000007 1.0000000180025095e-35 1.0000000180025095e-35 37264.000000000007 712.50000000000011 7.5000000000000009 1.0000000180025095e-35 58.500000000000007 1.0000000180025095e-35 4.5000000000000009 10.500000000000002 81.500000000000014 3351.5000000000005 3920.0000000000005 7323.0000000000009 7.5000000000000009 3.5000000000000004 3056.5000000000005 44.500000000000007 4.5000000000000009 1.0000000180025095e-35 6.5000000000000009 6.5000000000000009 1968.5000000000002 389.50000000000006 48285.000000000007 230.50000000000003 356.50000000000006
decision_type=2 2 2 2 2 2 2 2 2 2 2 2 2 2 2 2 2 2 2 2 2 2 2 2 2 2 2 2 2 2
left_child=1 2 3 17 26 -6 -4 -3 28 10 12 14 18 -2 -12 -14 -17 -1 -9 -8 24 -22 -23 -24 25 -11 27 -5 -7 -30
right_child=13 7 6 4 5 8 19 9 -10 20 11 -13 15 -15 -16 16 -18 -19 -20 -21 21 22 23 -25 -26 -27 -28 -29 29 -31
leaf_value=-0.10974705495396422 0.10593455246123117 -0.10289906767031523 -0.086223824151726164 0.13404250128642298 0.09785558214634911 -0.074569565468860816 -0.05386686783845656 0.076332090333361025 0.10294715886252417 -0.00018396055831953911 -0.0674213524399844 0.088062438744186011 0.19030536639287371 -0.032798844239956042 0.066586737841847987 -0.029243432417844824 0.16402238047578177 0.0054855086357128956 -0.06120693002847423 0.081757826271615763 -0.09621496234997913 -0.064103967196692022 0.1761924362530829 -0.0073572080783402688 -0.047670292314121232 0.19508332030040942 0.16283362802355192 -0.070989923136328723 0.10203163056128246 -0.059078285064268293
leaf_count=163 122 48 809 33 39 176 42 39 25 22 83 53 33 22 24 25 27 48 23 33 60 59 22 20 23 20 27 29 32 59
internal_value=0 -0.145611 -0.37041 -0.0484758 0.16308 -0.0761626 -0.713697 0.228706 -0.291696 0.306064 0.515895 0.148686 0.862138 0.908393 -0.335895 1.25124 0.794881 -0.756248 0.253381 0.178532 -0.0888767 -0.328889 0.0524427 0.905291 0.518132 1.02829 0.898329 0.504901 -0.442658 -0.0347514
internal_count=2240 2096 1515 631 420 331 884 581 292 533 307 160 147 144 107 85 52 211 62 75 226 161 101 42 65 42 89 62 267 91
shrinkage=0.1


Tree=10
num_leaves=31
num_cat=0
split_feature=22 20 7 8 23 11 19 3 3 13 2 4 11 8 18 9 13 10 3 3 8 11 8 13 12 6 14 15 9 4
split_gain=24.082 17.0052 14.5002 16.9585 7.26083 6.9482 5.46098 5.30536 6.99392 6.733 5.52585 5.08096 6.37287 6.03739 4.68132 7.60539 6.86224 7.09616 4.40245 6.41406 5.9761 4.35943 4.04816 4.12749 3.92281 3.68539 3.65584 3.48123 3.17074 4.09404
threshold=1.0000000180025095e-35 1.0000000180025095e-35 3109.5000000000005 20.500000000000004 1.0000000180025095e-35 15.500000000000002 6.5000000000000009 2.5000000000000004 1.0000000180025095e-35 72.500000000000014 1.0000000180025095e-35 57318.500000000007 24.500000000000004 53.500000000000007 6.5000000000000009 459.50000000000006 10.500000000000002 27.500000000000004 1.0000000180025095e-35 2.5000000000000004 64.500000000000014 418.00000000000006 19.500000000000004 1.0000000180025095e-35 70.000000000000014 1.0000000180025095e-35 14.500000000000002 2.5000000000000004 1046.0000000000002 83204.000000000015
decision_type=2 2 2 2 2 2 2 2 2 2 2 2 2 2 2 2 2 2 2 2 2 2 2 2 2 2 2 2 2 2
left_child=1 2 3 5 7 -1 25 8 9 11 -9 12 -4 -14 15 16 -10 27 -2 20 28 -5 -3 -24 -23 -7 -16 -18 29 -20
right_child=18 22 4 21 -6 6 -8 10 14 -11 -12 -13 13 -15 26 -17 17 -19 19 -21 -22 24 23 -25 -26 -27 -28 -29 -30 -31
leaf_value=-0.083495314062857401 0.14778799762934006 0.12437801789498071 -0.064389000691362538 -0.096130913055629597 0.12337460048143707 0.038959182174679002 0.10636185525251995 -0.024319675775257968 -0.068263573862317239 0.16230253718754761 0.098300467695093985 -0.067971315615999436 0.15319391114439634 -0.019546180872946385 0.032089044954857912 0.092971041131039406 0.0079542782056963336 -0.093503363395417829 0.089377766171393522 0.16139774228909196 -0.052169931395674468 0.055597436643936987 -0.082484547506247577 0.054479111463036689 -0.078327328921754286 -0.062505164490088486 -0.097668576965725104 0.14246047751289523 0.12964456865831858 -0.036004224493725187
leaf_count=81 31 30 38 825 23 61 43 56 207 20 56 45 32 33 21 33 27 28 28 22 37 29 24 85 51 58 141 30 23 22
internal_value=0 -0.152243 -0.258716 -0.548776 0.0110562 0.0823618 0.345103 -0.0507955 -0.158673 0.319172 0.487348 0.0827483 0.44317 0.91013 -0.350936 -0.151542 -0.340853 0.294134 0.76163 0.57754 0.344553 -0.849686 0.603179 0.361225 -0.203794 0.00595201 -0.783427 0.815934 0.662664 0.34726
internal_count=2240 2077 1938 1148 790 243 162 767 655 168 112 148 103 65 487 325 292 85 163 132 110 905 139 109 80 119 162 57 73 50
shrinkage=0.1


Tree=11
num_leaves=31
num_cat=0
split_feature=22 20 7 8 11 23 5 11 7 8 19 8 1 3 13 12 2 16 14 3 8 0 11 7 14 0 12 8 13 15
split_gain=19.8146 14.0212 12.6175 15.3537 5.86204 5.68117 4.80664 4.76945 4.69095 4.84777 4.4408 7.22466 4.41306 5.00659 7.16177 5.5651 4.60233 5.61336 5.76217 5.42883 4.68771 4.5665 4.22849 3.75883 4.39103 3.74258 6.19277 3.3478 3.38275 2.96014
threshold=1.0000000180025095e-35 1.0000000180025095e-35 3109.5000000000005 20.500000000000004 15.500000000000002 1.0000000180025095e-35 1.0000000180025095e-35 7.5000000000000009 2950.5000000000005 11.500000000000002 8.5000000000000018 44.500000000000007 1987.5000000000002 1.0000000180025095e-35 58.500000000000007 6.5000000000000009 1.0000000180025095e-35 6.5000000000000009 26.500000000000004 2.5000000000000004 13.500000000000002 5075.5000000000009 418.00000000000006 2997.5000000000005 44.500000000000007 4243.0000000000009 90.500000000000014 19.500000000000004 1.0000000180025095e-35 5.5000000000000009
decision_type=2 2 2 2 2 2 2 2 2 2 2 2 2 2 2 2 2 2 2 2 2 2 2 2 2 2 2 2 2 2
left_child=1 2 3 4 -1 7 8 -4 9 -6 12 -12 13 14 15 -9 20 19 -19 -18 -15 -20 -5 24 -2 -24 -27 -3 -29 -22
right_child=23 27 5 22 6 -7 -8 10 -10 -11 11 -13 -14 16 -16 -17 17 18 21 -21 29 -23 25 -25 -26 26 -28 28 -30 -31
leaf_value=-0.08043208678798841 -0.038918427584762709 0.11251964958434185 -0.093756477749051118 -0.094424463311809204 0.086056464737480798 0.1068828100562413 0.092082504197123077 0.10604711238982439 -0.08484591527719948 -0.063827529144285661 0.14620964374047704 -0.040219535667204848 -0.12097269553428497 0.038831257089963253 0.16708761240314024 -0.033123005291942793 -0.050739233335155898 0.17989727929912613 -0.071231025279954924 0.080612946368013499 -0.079472072332215329 0.097194578967080669 -0.11630789006223795 0.095573979212023319 0.079116313102291572 0.11956819138051185 -0.08331096201788446 -0.078747493914718969 0.048161903895471092 0.023051154399827415
leaf_count=81 33 30 74 825 41 23 53 30 41 27 24 31 29 32 20 73 123 20 26 25 210 22 28 92 38 24 28 24 85 28
internal_value=0 -0.14289 -0.242495 -0.522676 0.0729439 0.00790002 0.306071 -0.0484834 -0.0391995 0.360536 0.0110026 0.693055 -0.066027 -0.0152213 0.459306 0.112157 -0.160313 0.12967 0.736297 -0.20556 -0.445303 0.184385 -0.826383 0.689802 0.263787 -0.188157 0.249932 0.540206 0.321982 -0.645518
internal_count=2240 2077 1938 1148 243 790 162 767 109 68 693 55 638 609 123 103 486 216 68 148 270 48 905 163 71 80 52 139 109 238
shrinkage=0.1


Tree=12
num_leaves=31
num_cat=0
split_feature=23 7 8 17 9 11 9 2 20 19 11 9 14 6 2 18 11 12 17 16 18 16 2 17 19 4 11 22 13 2
split_gain=17.2764 12.7383 11.3527 7.70503 7.84394 8.38733 6.9539 6.21716 7.33897 5.48238 5.37935 6.09557 7.84414 6.13247 7.20272 5.26836 5.31578 7.20345 5.72323 5.02722 4.93674 4.80909 4.56833 5.11484 4.36348 4.02079 3.60125 3.59761 3.57645 3.4295
threshold=1.0000000180025095e-35 3201.0000000000005 40.500000000000007 1.0000000180025095e-35 67.500000000000014 400.50000000000006 712.50000000000011 2.5000000000000004 1.0000000180025095e-35 5.5000000000000009 15.500000000000002 204.50000000000003 12.500000000000002 1.0000000180025095e-35 1.0000000180025095e-35 9.5000000000000018 102.50000000000001 20.500000000000004 2.5000000000000004 4.5000000000000009 8.5000000000000018 6.5000000000000009 1.0000000180025095e-35 1.5000000000000002 7.5000000000000009 35868.000000000007 418.00000000000006 1.0000000180025095e-35 43.500000000000007 1.0000000180025095e-35
decision_type=2 2 2 2 2 2 2 2 2 2 2 2 2 2 2 2 2 2 2 2 2 2 2 2 2 2 2 2 2 2
left_child=1 2 3 24 9 15 26 8 10 -5 -3 12 -12 19 -15 16 18 -18 -6 -13 -2 -16 23 25 -1 -14 -4 -22 -7 -8
right_child=20 7 6 4 5 28 29 -9 -10 -11 11 13 22 14 21 -17 17 -19 -20 -21 27 -23 -24 -25 -26 -27 -28 -29 -30 -31
leaf_value=-0.10899500363746312 0.10856562758578435 -0.088283405108258384 -0.091482479726953683 -0.021554787672832108 -0.10079946453959619 0.12659149207280895 -0.085821657553286426 -0.053087758265595808 0.11358519078328877 0.12127613645030531 -0.030523902323299545 -0.025125348116177088 0.090442456317547978 -0.098864281289317971 -0.060087662109480189 -0.11689633478052647 0.17930524760570365 -0.014210999615814247 0.043867507476211966 0.089335116433151354 -0.036488437663609583 0.074812947657099296 0.18556828950618628 0.17297956574352247 0.0092107636467384981 -0.06773646677736811 -0.010408776873258644 0.074243307133136607 0.01470278863137414 0.049114876280900444
leaf_count=163 80 59 744 34 88 22 21 83 38 52 44 40 24 90 34 75 20 58 32 62 36 36 28 20 48 23 65 28 39 54
internal_value=0 -0.126339 -0.326466 -0.0488193 0.125052 -0.0926598 -0.653093 0.181985 0.289317 0.798864 0.16656 0.249671 0.690718 0.00784797 -0.356103 -0.383473 -0.149879 0.428274 -0.565332 0.46432 0.717812 0.198335 1.07986 0.675244 -0.703718 0.16814 -0.80821 0.229262 0.620997 0.126296
internal_count=2240 2096 1515 631 420 334 884 581 498 86 460 401 139 262 160 273 198 78 120 102 144 70 95 67 211 47 809 64 61 75
shrinkage=0.1


Tree=13
num_leaves=31
num_cat=0
split_feature=24 17 8 6 19 3 3 5 4 7 12 19 13 21 8 20 4 3 7 2 9 11 11 8 11 11 16 14 18 16
split_gain=15.1975 12.3521 10.3117 11.4356 13.2937 8.65083 10.065 6.6177 6.59425 8.69248 6.21813 6.15284 5.7172 5.55083 5.5271 5.431 5.26162 5.06626 4.68622 4.59545 4.13126 4.50473 3.48691 3.48208 3.41241 3.22165 4.85375 3.13984 3.89684 3.48138
threshold=1.0000000180025095e-35 1.0000000180025095e-35 82.500000000000014 1.0000000180025095e-35 6.5000000000000009 2.5000000000000004 1.0000000180025095e-35 1.0000000180025095e-35 77575.500000000015 3094.5000000000005 6.5000000000000009 7.5000000000000009 25.500000000000004 1.0000000180025095e-35 64.500000000000014 1.0000000180025095e-35 48919.000000000007 1.0000000180025095e-35 3174.5000000000005 1.0000000180025095e-35 284.50000000000006 60.500000000000007 184.50000000000003 19.500000000000004 28.500000000000004 17.500000000000004 3.5000000000000004 126.50000000000001 4.5000000000000009 4.5000000000000009
decision_type=2 2 2 2 2 2 2 2 2 2 2 2 2 2 2 2 2 2 2 2 2 2 2 2 2 2 2 2 2 2
left_child=1 11 3 5 15 6 14 20 -4 -10 25 -1 -7 18 24 -5 -9 -13 -12 -18 -6 -22 -23 -19 -3 -8 -27 28 -20 -30
right_child=-2 2 8 4 7 12 10 16 9 -11 13 17 -14 -15 -16 -17 19 23 27 -21 21 22 -24 -25 -26 26 -28 -29 29 -31
leaf_value=-0.094079080306432417 0.16249554534966767 0.0012278252389788585 -0.090859148691202846 -0.072606447750175246 -0.091243977710022572 0.0045920183620524278 0.13712370115003375 0.13574371543912397 -0.11887310957246247 0.11854262408306644 -0.057077240496235873 0.085945306682916514 0.16855122444299689 0.08357771221819725 -0.02705638446650669 0.04002337817866404 -0.084798432312009328 0.046858887857446296 0.06668313408481874 0.082803006797177489 0.11951363293746829 -0.083145965414515161 0.05113089100861315 -0.073843363316254781 0.11207762622265822 -0.072958685355112032 0.09595951609805814 0.095111093193619434 -0.12915906989650955 -0.00025738281317287882
leaf_count=398 30 25 232 423 44 26 28 52 23 23 205 35 45 27 50 30 24 21 28 31 21 38 22 130 103 25 22 20 23 36
internal_value=0 -0.0672337 0.0395438 0.129535 -0.182218 0.356608 0.248913 0.31002 -0.579802 0.274678 0.00996454 -0.585715 1.21605 -0.155183 0.756065 -0.578926 0.79579 -0.130929 -0.278969 0.153377 -0.138397 0.199455 -0.211937 -0.437144 0.958463 0.676889 0.262814 0.120263 -0.102216 -0.4804
internal_count=2240 2210 1626 1348 685 663 592 232 278 46 414 584 71 339 178 453 107 186 312 55 125 81 60 151 128 75 47 107 87 59
shrinkage=0.1


Tree=14
num_leaves=31
num_cat=0
split_feature=23 7 8 17 18 3 3 13 8 8 11 3 17 3 10 14 3 9 13 7 9 14 12 4 13 8 17 17 7 11
split_gain=12.6536 10.3367 8.93618 6.34991 5.75731 5.50602 6.25095 5.9724 5.11215 4.77366 4.43969 4.43323 6.52433 4.51929 4.48887 4.04153 5.88482 5.16654 4.08073 4.02016 4.80185 3.95673 4.22273 3.80642 3.49689 3.82233 4.10825 3.2113 3.80908 3.17118
threshold=1.0000000180025095e-35 3031.5000000000005 47.500000000000007 1.0000000180025095e-35 7.5000000000000009 2.5000000000000004 1.0000000180025095e-35 87.500000000000014 19.500000000000004 44.500000000000007 420.50000000000006 1.0000000180025095e-35 8.5000000000000018 1.5000000000000002 60.500000000000007 79.500000000000014 1.0000000180025095e-35 64.500000000000014 18.500000000000004 3266.5000000000005 898.00000000000011 131.50000000000003 25.500000000000004 43389.000000000007 1.0000000180025095e-35 82.500000000000014 1.0000000180025095e-35 4.5000000000000009 3315.5000000000005 25.500000000000004
decision_type=2 2 2 2 2 2 2 2 2 2 2 2 2 2 2 2 2 2 2 2 2 2 2 2 2 2 2 2 2 2
left_child=1 2 3 -1 15 6 7 9 -8 23 -6 -2 13 -13 -15 16 -5 -18 -19 20 -10 22 24 29 -21 26 -26 28 -7 -3
right_child=11 5 -4 4 10 27 8 -9 19 -11 -12 12 -14 14 -16 -17 17 18 -20 21 -22 -23 -24 -25 25 -27 -28 -29 -30 -31
leaf_value=-0.089290760689058779 0.13701103886369045 0.030036401950611864 -0.087544154379266506 0.11162983695047027 -0.10054739254681513 -0.0074739160838865355 0.021771858723960976 0.158036517425659 -0.084494449083517303 -0.02904327338408777 0.031893138027348639 -0.083933967389390018 0.14793294811910171 0.079315816725812921 -0.051777395077002478 0.13216629568130403 0.054695967499235769 -0.11808265985703784 0.0095822347012613409 -0.089204886897771271 0.032289709482691296 0.082740170129244617 -0.086623720234228138 0.0034850881916487116 -0.052758884387168165 -0.11153018320994373 0.090335245863059688 0.11477322509687556 0.096592129256796166 0.1590027393385797
leaf_count=169 31 24 508 35 99 100 144 20 328 126 22 25 22 46 20 20 45 65 33 29 22 28 61 47 23 20 43 37 27 21
internal_value=0 -0.114287 -0.415871 -0.146059 0.0411817 0.0597226 -0.0360635 0.346543 -0.194093 0.186363 -0.552991 0.618619 0.398143 0.106449 0.399741 0.308068 0.148913 -0.132029 -0.585498 -0.363761 -0.649402 -0.0921454 -0.254151 0.560681 0.0513563 0.297428 0.523895 0.519941 0.282219 1.04379
internal_count=2240 2096 996 488 319 1100 936 238 698 218 121 144 113 91 66 198 178 143 98 554 350 204 176 92 115 86 66 164 127 45
shrinkage=0.1


Tree=15
num_leaves=31
num_cat=0
split_feature=24 11 3 20 7 8 3 0 19 8 15 11 8 9 2 11 9 14 18 11 13 21 8 13 4 1 14 14 9 7
split_gain=11.691 9.69915 11.4977 11.0043 9.50782 11.7743 7.48204 5.2089 5.44559 5.04332 4.6384 4.53337 4.25938 5.04442 3.88897 3.75831 3.52157 3.46544 6.64973 3.38214 3.05629 2.97851 5.17098 3.93812 3.17714 3.07461 3.32879 3.39407 2.80256 2.62101
threshold=1.0000000180025095e-35 391.50000000000006 2.5000000000000004 1.0000000180025095e-35 3193.5000000000005 33.500000000000007 1.0000000180025095e-35 7135.0000000000009 7.5000000000000009 71.500000000000014 3.5000000000000004 7.5000000000000009 25.500000000000004 881.50000000000011 1.5000000000000002 127.50000000000001 24.500000000000004 22.500000000000004 6.5000000000000009 259.50000000000006 26.500000000000004 1.0000000180025095e-35 76.500000000000014 14.500000000000002 27636.500000000004 1958.5000000000002 14.500000000000002 26.500000000000004 904.50000000000011 3143.0000000000005
decision_type=2 2 2 2 2 2 2 2 2 2 2 2 2 2 2 2 2 2 2 2 2 2 2 2 2 2 2 2 2 2
left_child=1 3 6 4 5 7 9 8 10 14 17 -6 -8 20 -3 21 -10 -1 -19 -17 -14 22 23 24 -13 -26 -27 -28 -7 -5
right_child=-2 2 -4 29 11 28 12 -9 16 -11 -12 15 13 -15 -16 19 -18 18 -20 -21 -22 -23 -24 -25 25 26 27 -29 -30 -31
leaf_value=-0.081526493066396019 0.14214209220666404 0.15656247530848577 0.14893777864069671 0.011528233335654565 -0.11146960255021612 -0.09751636733896292 0.031902833710210195 -0.064721399824673828 0.19111594490861555 -0.026276854091862298 0.078114451983116839 0.089223443834900912 0.0027910362930940787 0.023538856015517608 0.030694768145586755 -0.05844941989609781 0.029845032410686013 0.089230453504700991 -0.085864958687759535 0.03871231856805947 -0.1140623956731701 0.10583172306296805 -0.066063240884971494 0.10475479316057482 0.068568668827751991 -0.1157642907060952 0.080824181017227617 -0.047530823727719412 0.0021837456014768652 0.07801008199632381
leaf_count=129 30 36 42 76 48 803 59 159 20 29 37 32 25 38 21 105 21 33 45 37 86 23 68 38 29 37 20 38 22 54
internal_value=0 -0.0628594 0.314496 -0.183215 -0.291223 -0.514142 0.124996 -0.132814 0.118442 0.724257 -0.107898 0.0174092 -0.155767 -0.452015 1.0844 0.0865032 1.007 -0.349666 0.0890342 -0.299207 -0.845552 0.264891 0.164379 0.353457 0.14307 -0.0618503 -0.314951 0.0104345 -0.898953 0.446023
internal_count=2240 2210 336 1874 1744 1269 294 444 285 86 244 475 208 149 57 427 41 207 78 142 111 285 262 194 156 124 95 58 825 130
shrinkage=0.1


Tree=16
num_leaves=31
num_cat=0
split_feature=22 11 18 7 8 11 19 8 1 12 18 9 14 1 7 8 9 14 13 12 12 13 4 6 12 7 9 9 1 12
split_gain=10.2733 7.37117 10.0086 7.01056 11.459 5.56165 4.81472 4.89427 4.41886 4.05142 3.47308 4.62032 4.09485 3.36869 3.25885 4.39533 6.18639 3.45475 3.27205 3.14552 4.77228 8.84633 5.65921 5.19171 5.2284 3.34712 3.12176 4.30913 3.95017 3.09444
threshold=1.0000000180025095e-35 7.5000000000000009 2.5000000000000004 3109.5000000000005 11.500000000000002 418.00000000000006 6.5000000000000009 60.500000000000007 1949.5000000000002 70.000000000000014 11.500000000000002 881.50000000000011 46.500000000000007 1987.5000000000002 3354.5000000000005 9.5000000000000018 257.00000000000006 49.500000000000007 7.5000000000000009 1.5000000000000002 6.5000000000000009 6.5000000000000009 43035.000000000007 1.0000000180025095e-35 84.500000000000014 3278.5000000000005 546.50000000000011 697.50000000000011 1954.5000000000002 132.50000000000003
decision_type=2 2 2 2 2 2 2 2 2 2 2 2 2 2 2 2 2 2 2 2 2 2 2 2 2 2 2 2 2 2
left_child=1 -1 6 4 -4 -6 -3 -8 -5 -7 11 13 -12 14 15 16 -10 18 -16 -17 21 22 -21 24 25 -22 -2 -28 -29 -26
right_child=26 2 3 8 5 9 7 -9 10 -11 12 -13 -14 -15 17 19 -18 -19 -20 20 23 -23 -24 -25 29 -27 27 28 -30 -31
leaf_value=-0.081141827710878175 0.12206523135142318 -0.01788521172225736 0.037351517115148829 0.099662254065996742 -0.080726885823967601 0.064173135416958307 0.13112134077074933 -0.036171695071095064 0.14227359241839105 -0.058045652663437731 0.016619616532707406 0.066649915420189942 -0.12280835876701464 -0.10095839647694289 -0.088125746257967194 -0.10050488689213055 -0.022927527091761615 0.11575891178232633 0.05947814686357096 -0.11603324269555707 -0.09544199919528816 0.20360833620509738 0.085530885355403194 -0.081275128730225327 0.15101780310168572 0.021145107817615909 -0.072243527306470656 -0.027757571081529347 0.073562214675938514 0.0080153147069749603
leaf_count=261 27 39 111 28 763 35 61 28 20 57 29 57 50 31 21 52 29 26 24 38 57 23 26 135 20 32 21 25 90 24
internal_value=0 -0.11583 -0.0580068 -0.138464 -0.391448 -0.626423 0.677196 1.01418 0.0432374 0.0041628 -0.00898072 0.0593154 -0.613286 -0.0413294 0.0123142 -0.0952474 0.533037 0.505343 0.0240707 -0.233925 -0.135216 0.535058 -0.180633 -0.329562 0.0487639 -0.399912 0.50579 0.365364 0.517769 0.780333
internal_count=2240 2077 1816 1688 966 855 128 89 722 92 694 615 79 558 527 456 49 71 45 407 355 87 64 268 133 89 163 136 115 44
shrinkage=0.1


Tree=17
num_leaves=31
num_cat=0
split_feature=23 7 8 17 2 18 11 14 18 18 3 14 14 0 4 1 11 9 15 16 10 3 17 3 3 10 9 3 9 6
split_gain=9.07267 6.92911 6.75597 5.96048 4.79893 5.91293 7.83888 7.70922 4.38814 3.8965 4.71157 4.54035 7.77019 5.03394 4.46342 4.64275 4.45033 4.20903 4.72512 4.47909 3.88911 3.62529 5.04364 3.56737 3.49879 3.60497 3.33673 2.9019 3.6371 2.7743
threshold=1.0000000180025095e-35 3001.5000000000005 47.500000000000007 1.0000000180025095e-35 2.5000000000000004 2.5000000000000004 21.500000000000004 5.5000000000000009 7.5000000000000009 10.500000000000002 2.5000000000000004 131.50000000000003 168.50000000000003 4862.0000000000009 42222.000000000007 1975.5000000000002 545.50000000000011 447.50000000000006 4.5000000000000009 5.5000000000000009 22.500000000000004 1.0000000180025095e-35 8.5000000000000018 1.0000000180025095e-35 1.5000000000000002 60.500000000000007 239.50000000000003 2.5000000000000004 413.50000000000006 1.0000000180025095e-35
decision_type=2 2 2 2 2 2 2 2 2 2 2 2 2 2 2 2 2 2 2 2 2 2 2 2 2 2 2 2 2 2
left_child=1 2 3 -1 5 7 -7 -3 29 10 11 13 -13 14 15 -8 -15 18 -16 -19 -11 -2 24 -22 -23 -26 -10 -4 -29 -5
right_child=21 4 27 8 -6 6 9 -9 26 20 -12 12 -14 16 17 -17 -18 19 -20 -21 23 22 -24 -25 25 -27 -28 28 -30 -31
leaf_value=-0.095454399631390782 0.12441527879656383 -0.076646519134155544 -0.10191509641220997 0.057902657496834535 -0.050480677161785364 -0.081918366551905222 0.16125488565268681 0.1214112176041249 0.058211059131689127 -0.11707512229440782 0.073369664205394189 0.18754598437545378 -0.015575550877288511 -0.047094796930048421 -0.1186973775954 -0.0061382443185506964 0.056978817407313004 -0.029927805618334236 0.042833682695739894 0.10530693576555834 0.07515887893339819 -0.078861335637434873 0.13322198807584568 -0.046234281055264503 0.068935895898294339 -0.050463184512479442 -0.084476120707209945 -0.10444791002589121 0.10833410102213942 -0.016207983869463032
leaf_count=160 31 41 395 90 143 170 36 67 20 49 94 24 29 235 60 22 28 27 27 40 26 25 22 72 46 20 89 44 21 87
internal_value=0 -0.102239 -0.387206 -0.139409 0.0295298 0.100704 0.0225524 0.780167 0.0523727 0.115806 0.208034 0.0887719 0.815006 -0.0132885 0.320276 0.98941 -0.294272 0.0486426 -0.519349 0.472909 -0.354118 0.535683 0.333893 -0.0312465 0.0779188 0.33495 -0.520428 -0.854477 0.0170612 0.30057
internal_count=2240 2096 906 446 1190 1047 939 108 286 769 622 528 53 475 212 58 263 154 87 67 147 144 113 98 91 66 109 460 65 177
shrinkage=0.1


Tree=18
num_leaves=31
num_cat=0
split_feature=20 21 8 6 5 7 11 4 14 16 3 10 3 11 7 18 12 18 8 9 19 4 4 14 15 11 9 13 12 1
split_gain=8.4373 8.77712 6.89508 7.55378 6.73267 5.80623 5.70793 8.16846 6.95359 5.5854 5.26087 6.93704 6.41083 6.01051 4.97533 6.02677 6.53457 4.3328 3.62441 3.31113 3.07715 2.87051 3.45682 2.75718 2.68092 2.61213 3.92082 2.55234 4.34343 3.4371
threshold=1.0000000180025095e-35 1.0000000180025095e-35 76.500000000000014 1.0000000180025095e-35 1.0000000180025095e-35 3015.5000000000005 43.500000000000007 44367.000000000007 25.500000000000004 4.5000000000000009 2.5000000000000004 18.500000000000004 1.0000000180025095e-35 24.500000000000004 3225.5000000000005 2.5000000000000004 176.00000000000003 2.5000000000000004 81.500000000000014 712.50000000000011 7.5000000000000009 63361.500000000007 51075.000000000007 3.5000000000000004 4.5000000000000009 11.500000000000002 120.50000000000001 10.500000000000002 26.500000000000004 1973.5000000000002
decision_type=2 2 2 2 2 2 2 2 2 2 2 2 2 2 2 2 2 2 2 2 2 2 2 2 2 2 2 2 2 2
left_child=1 2 3 10 24 -3 17 -8 -9 -7 12 -12 13 -1 15 20 -17 23 21 -4 -14 22 25 -6 -5 -2 -27 -16 -29 -30
right_child=18 5 19 4 6 9 7 8 -10 -11 11 -13 14 -15 27 16 -18 -19 -20 -21 -22 -23 -24 -25 -26 26 -28 28 29 -31
leaf_value=-0.065683728949329806 0.0044207021112659785 -0.028271823654780683 -0.087819118488419667 -0.087131651695281045 -0.10550592451163568 0.00083801898703141217 0.17937767847793726 0.12213693922146339 -0.081259806025815201 0.12463671647138566 -0.056149734025797975 0.13852366116802681 -0.018379591427555918 0.069483969231634954 -0.039380605005652353 -0.083669399937356254 0.086262724257670231 -0.086660252779797484 -0.051580421440088481 -0.0038081655921772812 0.13656250901095443 0.1099208408996158 -0.052689313475818268 0.10771621610498064 -0.015202356965574268 0.15751364040429577 0.025687046642315078 0.13665456343106958 -0.063794067447905431 0.067929345109644143
leaf_count=67 32 69 397 351 20 39 20 26 52 59 39 37 27 124 43 303 20 158 25 48 28 39 20 20 62 23 24 20 23 25
internal_value=0 -0.106851 -0.193145 -0.0991252 -0.395878 0.469455 0.0240816 0.544287 -0.0640887 0.805293 0.0993358 0.822126 0.00463612 0.447984 -0.20815 -0.453118 -0.660838 -0.476811 0.474006 -0.670898 0.528694 0.599685 0.377408 0.519216 -0.707768 0.591064 0.921116 0.234168 0.482508 0.0635896
internal_count=2240 2077 1910 1465 709 167 296 98 78 98 756 76 680 191 489 378 323 198 163 445 55 138 99 40 413 79 47 111 68 48
shrinkage=0.1


Tree=19
num_leaves=31
num_cat=0
split_feature=24 11 20 3 7 8 18 11 3 0 21 23 8 18 11 8 14 12 11 4 12 9 18 16 9 13 7 12 6 10
split_gain=7.56787 6.13216 6.0999 6.09295 6.80918 4.93925 4.61227 4.53131 6.86099 4.27806 4.48841 3.91609 3.65175 3.36024 4.16705 3.27714 4.84063 4.2165 3.31195 3.25343 2.99929 2.99445 5.79303 2.80248 2.84444 5.3264 4.96185 4.80871 2.82638 3.42641
threshold=1.0000000180025095e-35 7.5000000000000009 1.0000000180025095e-35 1.0000000180025095e-35 3166.5000000000005 30.500000000000004 7.5000000000000009 357.50000000000006 2.5000000000000004 1161.0000000000002 1.0000000180025095e-35 1.0000000180025095e-35 81.500000000000014 2.5000000000000004 230.50000000000003 13.500000000000002 9.5000000000000018 6.5000000000000009 42.500000000000007 77854.000000000015 54.500000000000007 464.50000000000006 3.5000000000000004 1.5000000000000002 59.500000000000007 12.500000000000002 2906.5000000000005 6.5000000000000009 1.0000000180025095e-35 24.500000000000004
decision_type=2 2 2 2 2 2 2 2 2 2 2 2 2 2 2 2 2 2 2 2 2 2 2 2 2 2 2 2 2 2
left_child=1 -1 3 11 5 13 9 -7 20 -6 15 23 -4 -5 -15 -11 -17 18 -18 -8 -9 22 -19 -3 27 -26 -27 -25 -28 -30
right_child=-2 2 12 4 6 7 19 8 -10 10 -12 -13 -14 14 -16 16 17 21 -20 -21 -22 -23 -24 24 25 26 28 -29 29 -31
leaf_value=-0.075002563014623574 0.11583674716868426 -0.11007335961971687 0.058383826230697024 0.072220676273062598 -0.067876461531605967 -0.098427397081423409 -0.059531951709132773 -0.0027714673734888597 0.11949798774718863 0.080197004169810959 0.13846328945770028 0.11665341887866605 -0.06131114847151773 -0.061455164223775005 0.019408987077654011 -0.11150740285074656 0.017240680736189673 0.072147415141465027 0.17535331531123013 0.034094019015594737 -0.12151667815882142 0.059633488794257561 -0.090002068082791015 0.15991313603621515 -0.059032701882160213 -0.075633376481740205 0.09155945696858625 -0.0070459639347014661 0.074822904674006416 -0.11348136525752228
leaf_count=259 30 36 118 22 38 539 140 37 21 39 20 25 22 201 78 47 26 22 21 30 54 31 69 39 90 39 65 40 20 22
internal_value=0 -0.0558722 -0.0106763 -0.0833289 -0.194341 -0.426605 0.0500766 -0.70276 -0.192515 0.246885 0.364778 0.263247 0.44684 -0.135786 -0.266527 0.238216 0.0503015 0.229332 0.994054 -0.350917 -0.633377 -0.0448281 -0.360304 0.150404 0.21599 0.0620754 0.381651 0.785467 0.635926 -0.0851275
internal_count=2240 2210 1951 1811 1435 952 483 651 112 313 275 376 140 301 279 255 216 169 47 170 91 122 91 351 315 236 146 79 107 42
shrinkage=0.1


end of trees

feature importances:
Column_8=75
Column_11=55
Column_7=50
Column_9=44
Column_3=42
Column_18=39
Column_13=29
Column_4=26
Column_19=26
Column_14=23
Column_12=22
Column_17=21
Column_20=18
Column_2=15
Column_6=15
Column_16=14
Column_23=14
Column_0=13
Column_1=13
Column_10=10
Column_22=10
Column_15=9
Column_21=8
Column_5=6
Column_24=3

parameters:
[boosting: gbdt]
[objective: binary]
[metric: auc]
[tree_learner: serial]
[device_type: cpu]
[data: ]
[valid: ]
[num_iterations: 100]
[learning_rate: 0.1]
[num_leaves: 31]
[num_threads: 0]
[max_depth: -1]
[min_data_in_leaf: 20]
[min_sum_hessian_in_leaf: 0.001]
[bagging_fraction: 1]
[bagging_freq: 0]
[bagging_seed: 3]
[feature_fraction: 1]
[feature_fraction_seed: 2]
[early_stopping_round: 0]
[max_delta_step: 0]
[lambda_l1: 0]
[lambda_l2: 0]
[min_gain_to_split: 0]
[drop_rate: 0.1]
[max_drop: 50]
[skip_drop: 0.5]
[xgboost_dart_mode: 0]
[uniform_drop: 0]
[drop_seed: 4]
[top_rate: 0.2]
[other_rate: 0.1]
[min_data_per_group: 100]
[max_cat_threshold: 32]
[cat_l2: 10]
[cat_smooth: 10]
[max_cat_to_onehot: 4]
[top_k: 20]
[monotone_constraints: ]
[feature_contri: ]
[forcedsplits_filename: ]
[refit_decay_rate: 0.9]
[verbosity: 1]
[max_bin: 255]
[min_data_in_bin: 3]
[bin_construct_sample_cnt: 200000]
[histogram_pool_size: -1]
[data_random_seed: 1]
[output_model: LightGBM_model.txt]
[snapshot_freq: -1]
[input_model: ]
[output_result: LightGBM_predict_result.txt]
[initscore_filename: ]
[valid_data_initscores: ]
[pre_partition: 0]
[enable_bundle: 1]
[max_conflict_rate: 0]
[is_enable_sparse: 1]
[sparse_threshold: 0.8]
[use_missing: 1]
[zero_as_missing: 0]
[two_round: 0]
[save_binary: 0]
[enable_load_from_binary_file: 1]
[header: 0]
[label_column: ]
[weight_column: ]
[group_column: ]
[ignore_column: ]
[categorical_feature: ]
[predict_raw_score: 0]
[predict_leaf_index: 0]
[predict_contrib: 0]
[num_iteration_predict: -1]
[pred_early_stop: 0]
[pred_early_stop_freq: 10]
[pred_early_stop_margin: 10]
[convert_model_language: ]
[convert_model: gbdt_prediction.cpp]
[num_class: 1]
[is_unbalance: 0]
[scale_pos_weight: 1]
[sigmoid: 1]
[boost_from_average: 1]
[reg_sqrt: 0]
[alpha: 0.9]
[fair_c: 1]
[poisson_max_delta_step: 0.7]
[tweedie_variance_power: 1.5]
[max_position: 20]
[label_gain: ]
[metric_freq: 1]
[is_provide_training_metric: 0]
[eval_at: ]
[num_machines: 1]
[local_listen_port: 12400]
[time_out: 120]
[machine_list_filename: ]
[machines: ]
[gpu_platform_id: -1]
[gpu_device_id: -1]
[gpu_use_dp: 0]

end of parameters

pandas_categorical:null
